Final Results:
Num Iterations: 136
Final Max Value: -38426.92321427427
Final Best Point: {'Ia^B_3_1': 4.961925712442839e-16, 'Ia^B_2_-2': -6.518253980819357e-16, 'Ia^E_3_3': -1.7267573326333133e-15, 'Ra^E_3_0': -6.804130995146699e-16, 'Ia^B_3_-2': 2.7388457810885897e-15, 'Ia^E_2_2': -4.013463874998681e-15, 'Ra^B_2_0': 1.5760864128012443e-15, 'Ra^E_3_3': 1.1268894585203552e-15, 'Ra^B_2_2': -2.227488569942969e-16, 'Ia^E_2_-2': -1.4914629644865713e-15, 'Ra^B_2_-1': -6.960012322915953e-16, 'Ia^E_2_-1': 9.933056874201628e-17, 'Ra^E_2_0': -3.63305008347065e-15, 'Ra^B_3_3': 3.4694102521976533e-15, 'Ra^B_3_0': -5.254283806778433e-16, 'Ia^B_2_2': 5.90635595916486e-17, 'Ra^B_3_-3': 6.7226190384895e-16, 'Ra^E_2_2': -3.614326621703584e-15, 'Ia^E_1_-1': -7.136077801530318e-16, 'Ia^B_1_1': -2.8860823030083393e-15, 'Ra^E_2_1': -2.0992357461076567e-15, 'Ia^E_3_-1': -3.0365577128481845e-15, 'Ia^B_2_1': -2.9049354097193484e-15, 'Ia^B_3_-3': -4.2237858252503295e-16, 'Ia^E_3_1': 1.7437613954643723e-15, 'Ra^E_1_1': -2.25995916264345e-15, 'Ra^B_1_0': -1.6840497700868576e-15, 'Ia^B_3_-1': -1.6933380780156514e-16, 'Ra^B_1_1': 2.568678967956673e-15, 'Ia^B_2_-1': 1.3156239070947266e-15, 'Ia^B_1_-1': 6.518489502184895e-16, 'Ia^E_2_1': -3.611079223288524e-15, 'Ra^B_3_1': -3.8360118809426874e-15, 'Ia^E_3_-2': -7.854555096914746e-17, 'Ra^E_2_-2': -3.1232250348337227e-16, 'Ra^B_2_-2': -1.3026721129864335e-15, 'Ra^E_3_-1': -3.1705082546239486e-16, 'Ra^B_3_-2': -2.927471575433109e-15, 'Ra^E_1_-1': -1.9469038493277807e-15, 'Ra^E_3_-2': -1.795335278687131e-15, 'Ia^B_3_3': 1.5169755591889852e-15, 'Ra^E_3_1': -1.9242542560288956e-15, 'Ia^E_3_2': 2.7695204101663925e-15, 'Ra^B_3_2': -1.1588370805084897e-15, 'Ra^E_3_-3': 1.2375630872600326e-15, 'Ra^B_2_1': 3.88224870070921e-15, 'Ra^E_2_-1': 9.004619126518515e-16, 'Ra^B_1_-1': -1.829614535258475e-15, 'Ra^B_3_-1': -2.4136375683577604e-15, 'Ra^E_1_0': 2.0008521377953714e-15, 'Ia^E_3_-3': 3.482732858156535e-15, 'Ra^E_3_2': 3.4472911816522375e-15, 'Ia^B_3_2': -1.0946887429788578e-16, 'Ia^E_1_1': 1.4992940596766769e-15}
Final Uncertainties: {'Ia^B_3_1': 6.255825684231774e-18, 'Ia^B_2_-2': 5.107529315787028e-18, 'Ia^E_3_3': 4.032628962971979e-18, 'Ra^E_3_0': 7.263790166019782e-18, 'Ia^B_3_-2': 8.637292390886486e-18, 'Ia^E_2_2': 5.568425474090763e-18, 'Ra^B_2_0': 9.79507879232241e-18, 'Ra^E_3_3': 6.529615681049232e-18, 'Ra^B_2_2': 6.39176554660119e-18, 'Ia^E_2_-2': 7.960550345218604e-18, 'Ra^B_2_-1': 9.743773528789525e-18, 'Ia^E_2_-1': 9.22307478257882e-18, 'Ra^E_2_0': 4.43211238833447e-18, 'Ra^B_3_3': 4.128964082666073e-18, 'Ra^B_3_0': 5.9309658282899016e-18, 'Ia^B_2_2': 3.2927562276101836e-18, 'Ra^B_3_-3': 5.268209700224068e-18, 'Ra^E_2_2': 4.858047420523067e-18, 'Ia^E_1_-1': 8.8402471302474e-18, 'Ia^B_1_1': 6.244931464399357e-18, 'Ra^E_2_1': 6.616473389025092e-18, 'Ia^E_3_-1': 5.940416880800148e-18, 'Ia^B_2_1': 3.748701266428006e-18, 'Ia^B_3_-3': 5.142379076770705e-18, 'Ia^E_3_1': 4.9757830057713395e-18, 'Ra^E_1_1': 7.938247315101438e-18, 'Ra^B_1_0': 9.578944719837124e-18, 'Ia^B_3_-1': 8.508773117864074e-18, 'Ra^B_1_1': 7.762334016918038e-18, 'Ia^B_2_-1': 6.796289489851427e-18, 'Ia^B_1_-1': 5.361954476732104e-18, 'Ia^E_2_1': 5.188858890908468e-18, 'Ra^B_3_1': 4.6637245278284625e-18, 'Ia^E_3_-2': 6.414837785256193e-18, 'Ra^E_2_-2': 6.3623596533048786e-18, 'Ra^B_2_-2': 5.025639185074518e-18, 'Ra^E_3_-1': 6.259670567602617e-18, 'Ra^B_3_-2': 4.8484562326999824e-18, 'Ra^E_1_-1': 5.3759834087431454e-18, 'Ra^E_3_-2': 5.16930770357521e-18, 'Ia^B_3_3': 5.2187462039557975e-18, 'Ra^E_3_1': 6.009796408917394e-18, 'Ia^E_3_2': 5.9360621305838014e-18, 'Ra^B_3_2': 5.143808184173362e-18, 'Ra^E_3_-3': 6.979407763700078e-18, 'Ra^B_2_1': 5.246445889472208e-18, 'Ra^E_2_-1': 4.748705240434499e-18, 'Ra^B_1_-1': 7.370457236648755e-18, 'Ra^B_3_-1': 6.851308705322667e-18, 'Ra^E_1_0': 6.268517161715667e-18, 'Ia^E_3_-3': 6.166853990115714e-18, 'Ra^E_3_2': 4.9286831690415964e-18, 'Ia^B_3_2': 7.548186245997003e-18, 'Ia^E_1_1': 5.564185346260691e-18}
Final Energy: 4.163592559336483e-09
Covariance Matrix:
[[ 2.89011976e-35  5.09456372e-36  1.23645732e-35 ... -1.23802624e-36
  -8.92505295e-36  2.87329642e-36]
 [ 5.09456372e-36  5.43236399e-35 -4.48235240e-35 ...  4.52379689e-36
   6.16945736e-37  1.05413785e-36]
 [ 1.23645732e-35 -4.48235240e-35  7.81499693e-35 ... -1.16578981e-35
  -7.44184255e-36  4.37494841e-36]
 ...
 [-1.23802624e-36  4.52379689e-36 -1.16578981e-35 ...  1.70483444e-35
  -1.70293245e-36 -5.57493034e-36]
 [-8.92505295e-36  6.16945736e-37 -7.44184255e-36 ... -1.70293245e-36
   1.62620964e-35 -5.49455286e-36]
 [ 2.87329642e-36  1.05413785e-36  4.37494841e-36 ... -5.57493034e-36
  -5.49455286e-36  2.72353119e-35]]
